71.33333333333333
33.333333333333336
93.33333333333333
80.0
70.0
64.66666666666667
73.0
64.66666666666667
48.333333333333336
58.0
65.33333333333333
86.66666666666667
61.0
68.66666666666667
54.333333333333336
69.33333333333333
51.666666666666664
65.0
47.666666666666664
74.0
75.66666666666667
59.333333333333336
53.333333333333336
65.0
55.333333333333336
54.333333333333336
76.66666666666667
51.0
60.333333333333336
52.0
69.66666666666667
75.33333333333333
79.0
74.33333333333333
56.333333333333336
60.0
76.66666666666667
33.0
35.333333333333336
83.66666666666667
96.33333333333333
46.666666666666664
53.666666666666664
64.0
92.66666666666667
61.0
53.333333333333336
67.33333333333333
67.33333333333333
82.0
80.66666666666667
55.666666666666664
63.666666666666664
47.333333333333336
63.666666666666664
69.66666666666667
63.0
57.333333333333336
70.0
57.0
80.66666666666667
84.0
60.666666666666664
60.0
59.0
71.0
51.333333333333336
49.0
93.0
81.33333333333333
73.33333333333333
83.0
60.333333333333336
58.333333333333336
39.0
80.66666666666667
69.33333333333333
71.0
73.0
72.33333333333333
57.0
74.66666666666667
48.666666666666664
44.333333333333336
48.0
69.33333333333333
72.0
69.0
78.0
82.66666666666667
58.0
75.0
47.0
66.66666666666667
63.333333333333336
26.333333333333332
89.0
52.333333333333336
57.666666666666664
70.66666666666667
45.666666666666664
37.666666666666664
60.666666666666664
65.33333333333333
68.33333333333333
43.666666666666664
62.333333333333336
69.33333333333333
65.66666666666667
59.666666666666664
68.0
58.333333333333336
55.0
60.333333333333336
59.666666666666664
50.333333333333336
77.33333333333333
63.333333333333336
67.33333333333333
65.46218487394958 61.168067226890756 65.39495798319328